BEGIN OBJECT 5-0
BEGIN ATTRIBUTE 6-0
0
END ATTRIBUTE 6-0
BEGIN ATTRIBUTE 7-1
20
38
2
2
0
0
0
0
2
2
2
2
2
2
2
0
0
0
0
0
0
0
0
2
2
2
2
2
2
2
2
2
2
2
2
2
0
0
2
2
38
2
0
1
1
0
0
0
2
2
2
2
2
2
0
0
0
0
0
0
0
1
1
1
0
0
0
0
2
2
2
2
2
0
0
0
0
0
2
38
2
0
1
0
0
0
0
0
2
2
2
2
2
2
0
0
0
0
0
0
0
0
1
1
1
1
1
2
2
2
0
0
0
0
0
0
0
2
38
0
0
0
0
0
0
0
0
2
2
2
2
2
0
0
0
0
0
0
0
0
0
0
0
0
0
0
0
0
0
0
0
0
0
0
0
0
2
38
0
0
0
0
0
0
0
0
0
0
2
2
2
2
3
3
3
3
0
3
3
0
0
0
0
0
0
2
2
2
0
1
1
0
0
2
2
2
38
2
0
0
0
0
0
0
0
0
0
2
2
2
2
2
0
0
0
0
0
3
0
0
0
0
2
2
2
2
0
0
0
1
1
0
0
2
2
38
2
2
2
0
0
0
0
0
0
0
0
2
2
2
2
2
2
0
0
3
3
3
0
0
2
2
2
2
2
0
0
0
0
1
0
0
0
0
38
2
2
2
0
0
0
0
0
0
0
3
3
2
2
2
2
2
2
2
2
0
3
2
2
2
2
2
2
1
0
0
0
0
1
0
0
0
0
38
2
2
0
1
1
0
0
0
0
0
3
3
3
2
2
2
2
2
2
2
2
2
2
2
2
2
0
1
1
0
0
0
1
0
0
0
0
2
38
2
0
0
1
0
0
0
0
0
0
0
3
3
0
2
2
2
2
2
2
2
2
2
2
0
0
0
0
0
0
0
0
0
0
0
0
0
2
38
2
0
0
1
0
0
1
0
0
0
0
0
0
0
0
0
2
2
2
0
0
0
3
0
0
0
1
1
0
0
0
0
0
0
0
0
0
2
38
2
0
0
0
0
0
1
1
0
0
1
0
0
1
0
0
0
0
0
0
0
0
0
0
0
0
0
1
0
0
0
0
0
0
3
0
0
0
38
2
0
0
1
1
1
1
1
0
0
0
0
0
1
0
0
0
1
0
0
0
0
0
0
0
0
0
1
1
1
0
0
0
3
3
0
0
0
38
0
0
0
0
0
0
0
0
0
0
0
0
0
0
0
0
0
0
0
0
0
0
0
0
0
0
0
0
1
1
1
0
0
3
0
0
0
0
38
2
0
0
0
3
0
0
0
1
1
0
0
1
0
0
0
0
0
1
0
0
0
0
0
0
0
0
0
0
0
0
0
0
3
0
0
0
0
38
2
2
0
0
3
3
0
0
0
1
1
0
0
0
0
0
1
1
1
0
0
0
0
0
0
1
1
1
0
0
0
0
0
0
0
0
0
0
38
0
0
0
0
0
0
0
0
0
0
1
1
1
1
1
0
0
0
0
0
0
0
0
0
0
0
0
0
0
3
3
3
0
0
0
0
0
0
38
0
0
4
0
0
0
0
1
1
1
1
1
1
1
1
1
0
0
0
0
0
0
2
0
0
0
0
0
0
3
0
0
1
0
0
0
0
2
38
0
0
0
0
0
0
2
0
2
0
0
0
0
0
0
0
0
0
0
0
0
2
2
0
0
0
0
0
0
0
0
0
0
0
0
0
2
2
38
2
0
0
0
2
2
2
2
2
2
2
0
0
0
0
2
2
0
0
0
2
2
2
2
0
0
0
0
0
2
2
0
0
0
0
2
2
2

END ATTRIBUTE 7-1
BEGIN ATTRIBUTE 8-2
0

END ATTRIBUTE 8-2
END OBJECT 5-0
