BEGIN OBJECT 1-0
BEGIN ATTRIBUTE 2-0
0
END ATTRIBUTE 2-0
BEGIN ATTRIBUTE 3-1
20
38
2
2
0
0
0
0
2
2
2
2
2
2
2
0
0
0
0
0
0
0
0
2
2
2
2
2
2
2
2
2
2
2
2
2
0
0
2
2
38
2
0
1
1
0
0
0
2
2
2
2
2
2
0
0
0
0
0
0
0
1
1
1
0
0
0
0
2
2
2
2
2
0
0
0
0
0
2
38
2
0
1
0
0
0
0
0
2
2
2
2
2
2
0
0
0
0
0
0
0
0
1
1
1
1
1
2
2
2
0
0
0
0
0
0
0
2
38
0
0
0
0
0
0
0
0
2
2
2
2
2
0
0
0
0
0
0
0
0
0
0
0
0
0
0
0
0
0
0
0
0
0
0
0
0
2
38
0
0
0
0
0
0
0
0
0
0
2
2
2
2
3
3
3
3
0
3
3
0
0
0
0
0
0
2
2
2
0
1
1
0
0
2
2
2
38
2
0
0
0
0
0
0
0
0
0
2
2
2
2
2
0
0
0
0
0
3
0
0
0
0
2
2
2
2
0
0
0
1
1
0
0
2
2
38
2
2
2
0
0
0
0
0
0
0
0
2
2
2
2
2
2
0
0
3
3
3
0
0
2
2
2
2
2
0
0
0
0
1
0
0
0
0
38
2
2
2
0
0
0
0
0
0
0
3
3
2
2
2
2
2
2
2
2
0
3
2
2
2
2
2
2
1
0
0
0
0
1
0
0
0
0
38
2
2
0
1
1
0
0
0
0
0
3
3
3
2
2
2
2
2
2
2
2
2
2
2
2
2
0
1
1
0
0
0
1
0
0
0
0
2
38
2
0
0
1
0
0
0
0
0
0
0
3
3
0
2
2
2
2
2
2
2
2
2
2
0
0
0
0
0
0
0
0
0
0
0
0
0
2
38
2
0
0
1
0
0
1
0
0
0
0
0
0
0
0
0
2
2
2
0
0
0
3
0
0
0
1
1
0
0
0
0
0
0
0
0
0
2
38
2
0
0
0
0
0
1
1
0
0
1
0
0
1
0
0
0
0
0
0
0
0
0
0
0
0
0
1
0
0
0
0
0
0
3
0
0
0
38
2
0
0
1
1
1
1
1
0
0
0
0
0
1
0
0
0
1
0
0
0
0
0
0
0
0
0
1
1
1
0
0
0
3
3
0
0
0
38
0
0
0
0
0
0
0
0
0
0
0
0
0
0
0
0
0
0
0
0
0
0
0
0
0
0
0
0
1
1
1
0
0
3
0
0
0
0
38
2
0
0
0
3
0
0
0
1
1
0
0
1
0
0
0
0
0
1
0
0
0
0
0
0
0
0
0
0
0
0
0
0
3
0
0
0
0
38
2
2
0
0
3
3
0
0
0
1
1
0
0
0
0
0
1
1
1
0
0
0
0
0
0
1
1
1
0
0
0
0
0
0
0
0
0
0
38
0
0
0
0
0
0
0
0
0
0
1
1
1
1
1
0
0
0
0
0
0
0
0
0
0
0
0
0
0
3
3
3
0
0
0
0
0
0
38
0
0
0
0
0
0
0
1
1
1
1
1
1
1
1
1
0
0
0
0
0
0
2
0
0
0
0
0
0
3
0
0
1
0
0
0
0
2
38
0
0
0
0
0
0
2
0
2
0
0
0
0
0
0
0
0
0
0
0
0
2
2
0
0
0
0
0
0
0
0
0
0
0
0
0
2
2
38
2
0
0
0
2
2
2
2
2
2
2
0
0
0
0
2
2
0
0
0
2
2
2
2
0
0
0
0
0
2
2
0
0
0
0
2
2
2

END ATTRIBUTE 3-1
BEGIN ATTRIBUTE 14-2
2
BEGIN OBJECT 4-1
BEGIN ATTRIBUTE 5-0
4
END ATTRIBUTE 5-0
BEGIN ATTRIBUTE 6-1
2
2
17

END ATTRIBUTE 6-1
BEGIN ATTRIBUTE 7-2
0
END ATTRIBUTE 7-2
BEGIN ATTRIBUTE 8-3
2
0
0

END ATTRIBUTE 8-3
END OBJECT 4-1

BEGIN OBJECT 9-1
BEGIN ATTRIBUTE 10-0
4
END ATTRIBUTE 10-0
BEGIN ATTRIBUTE 11-1
2
3
2

END ATTRIBUTE 11-1
BEGIN ATTRIBUTE 12-2
0
END ATTRIBUTE 12-2
BEGIN ATTRIBUTE 13-3
2
0
0

END ATTRIBUTE 13-3
END OBJECT 9-1


END ATTRIBUTE 14-2
END OBJECT 1-0
